24382
24384
24386
24388
11316
11317
11318
24390
24392
24394
13342
13344
13346
13350
13352
13354
13356
24378
24380
11323
11325
13362
13366
24396
24398
24400
13368
13370
11328
11329
11330
11331
12744
12746
13374
13376
13378
13380
13382
13384
13386
13388
11333
11334
46516
1588
11727
1583
1601
17170
17174
2347
3422
3424
3426
11667
11673
11695
5872
5893
8206
8227
11759
11767
11769
1596
11771
1600
1604
1640
2346
8188
11779
1605
1607
1608
1641
8191
11795
11797
11799
1609
1611
1612
1614
17184
8192
8189
8190
8193
8194
8196
8197
8198
8228
11815
11827
11829
17180
1623
7061
11817
11819
11821
11823
11825
17176
17178
17182
1613
1616
8223
11735
11737
11753
11755
10218
10220
10225
17460
11731
4413
8216
8217
11739
11741
11743
17160
11747
17162
8220
8221
3449
5900
11729
13878
1598
2348
11749
11751
8226
8229
8308
8309
10228
11833
11835
11837
1626
1627
1628
53348
17186
1728
1752
4408
8176
8300
1636
1637
11689
11937
11939
11803
11807
11809
11811
8199
8200
8201
8202
8204
8205
1634
5905
11933
11935
8165
11831
11941
11943
2334
7064
8167
11905
11907
11911
11915
8168
11921
11923
11925
11929
11931
1633
2162
2340
2342
8170
8171
8172
8305
11893
11895
11897
11899
11901
11857
11859
11861
11863
11865
11867
11869
11871
11873
11875
11877
11879
11881
11845
11847
11849
11851
11853
11855
11883
11885
11887
11889
11868
8224
8225
8602
5874
1630
1631
8161
49630
49632
49620
49622
49624
49626
49628
49634
49636
10383
10384
49638
49640
49642
49644
49646
49648
1008
49564
49566
49568
49552
49554
49556
49558
49560
49562
49582
49584
49586
49588
49542
49544
49546
49548
49550
49590
49592
49594
49570
49572
49574
49576
49578
49580
20768
20770
20782
20788
20792
20798
20800
20806
20808
20810
20826
20830
20832
20836
20838
20854
20856
20858
20866
20872
20874
20886
20890
24986
20912
20914
20924
20918
20920
20922
20932
20936
20938
20940
20948
20950
20952
20964
20966
20968
20970
20972
20974
20976
20978
24988
20982
20984
20986
24992
24994
20992
21002
21004
21006
21008
21012
21016
21018
21020
21024
21026
21028
21030
21034
21036
21038
21040
21042
21044
21056
21058
21060
21076
21084
21086
21088
21092
21094
21106
21114
21120
21132
21170
21172
21174
21176
21234
21236
21238
21242
21244
24984
21246
21248
21252
21254
21260
21270
21272
21274
21276
21280
21282
21284
21286
21288
24996
24998
25000
21302
21304
21306
21308
21310
21312
21314
21316
21318
21320
21322
21326
21328
21330
21332
25002
25004
25006
25040
25042
25046
25048
25050
25052
21336
21338
21340
21342
21344
25008
21348
21350
21352
21354
21358
21360
21362
21364
21368
21370
21372
21374
21384
21386
21388
21390
21392
21396
21398
21400
21402
21404
21406
21410
21412
21414
21416
21418
21420
21424
21426
21428
21430
21432
21436
21440
25010
25014
25016
25022
25024
25026
25028
21366
21446
21448
21450
21452
21454
21456
21458
21460
25030
21464
21466
21468
21470
21472
21474
21476
25032
21478
21490
21492
21494
25034
1794
1795
1796
28856
8061
2681
2682
28770
1841
20260
20262
20264
20266
2662
2678
28756
28758
28760
28762
28764
28766
28768
28772
28774
28776
8054
1843
20270
28778
28780
28782
28784
28786
28788
28790
28792
28812
20268
28796
28798
28800
28802
28804
1808
1809
2144
2658
28808
28816
28818
28820
4075
28824
28826
28828
4074
28836
4079
4879
28832
5121
5123
5124
7912
8048
8049
8050
12676
6742
7273
28392
28396
28398
9013
20248
20250
20252
20254
20256
20258
28434
10413
12864
28444
28446
8044
28716
28718
28720
28722
28724
28726
28732
28734
28736
28738
28740
3804
4593
8519
1831
28674
28676
28688
1837
1838
5263
5264
1836
28694
28696
28698
3428
5267
28704
2971
12876
28708
28712
28714
4880
1832
28678
28680
28682
28684
28686
2657
28426
28428
28430
8040
8042
8043
28450
28452
1819
28454
28456
28574
28576
28578
28580
28582
28584
28586
28588
28590
28592
28594
28596
28598
12294
28458
3805
5006
5007
28484
28486
28478
28480
28482
20222
28462
28464
28466
28468
20236
28616
28618
20240
28470
28472
20244
1820
2173
20212
2659
28622
28626
28628
28630
12908
12918
12928
28460
28638
2977
4428
12882
1813
20190
2324
6653
8066
12878
28640
4429
5531
8400
20170
28644
28646
7081
1803
20172
20174
20182
28658
5566
10089
12886
12890
28936
28938
28940
6556
6561
8087
8089
28952
28960
29002
12672
28930
28932
28934
29006
30020
28942
28944
4542
6255
28946
28948
28950
8088
4293
4294
4316
28894
28896
4343
4345
4346
4454
4585
4642
7361
28840
28842
1828
28838
2146
4051
5349
5350
29014
29016
5172
7369
8094
2458
29008
29010
29012
5584
11956
11958
11960
11962
11964
11966
11968
12298
2679
28900
28904
28906
28908
28910
28914
28916
28920
28922
28924
28926
23814
23816
23808
23810
1889
1890
23812
5449
1927
1928
2145
1918
1919
1920
2271
1894
1895
1896
1897
24072
5313
8123
1931
1932
24040
24048
24050
24054
26486
1942
2035
2036
2037
23828
4746
2040
2041
2042
4747
24062
24066
2106
2107
2109
2110
2111
2850
2025
2026
2044
2108
2315
23818
23820
23822
23824
23826
4875
5363
7239
8082
8728
1994
1995
1996
11530
1998
1999
8083
2002
2003
2004
2005
2006
2007
2008
24076
5134
6818
8084
11860
13224
2038
2039
2161
2010
4876
26488
26490
26492
26494
5585
5614
5976
5977
24084
24088
24090
10073
23504
23506
23474
23476
23478
23484
23450
23462
23464
23456
23508
23516
23518
23520
23534
23536
23548
23528
23554
23564
23566
23184
2849
1934
23024
23210
23216
23220
23228
2512
27160
2514
23122
2225
23134
23136
6948
9052
3213
1984
2136
23126
23156
23162
23168
3515
5454
6305
23154
2511
27256
3216
4342
23286
23288
23290
23304
23322
3177
3178
3179
23334
23336
23338
23340
3990
3991
1936
23282
2238
23022
23026
23030
23032
23034
23036
23040
23042
23254
2337
23258
23270
23272
23276
27128
23256
23260
23834
27118
3877
2685
27222
27224
27226
27230
27232
27240
2140
23726
2784
23778
23800
27212
11562
3710
23102
23104
23112
23688
23690
23692
12984
23702
23704
23706
2327
27190
27192
27194
27196
2805
2759
23712
23714
2948
3175
4451
2806
4452
2016
2018
2019
2020
23236
23238
23242
23246
23802
12590
23374
23576
23588
23592
23596
23540
23600
23622
23630
23634
23642
23646
23648
23652
23656
23658
23660
4380
4381
23664
23676
23668
23670
23672
23678
23424
23430
23432
23440
23436
23438
23446
27180
23404
27170
27172
23056
23058
23072
23078
23082
23346
23352
23376
23388
23362
23366
23370
23392
23394
10804
10805
10806
10807
10808
10809
24338
24340
23948
23950
23952
23954
23956
23958
23966
23968
23970
23972
23974
24078
24080
24082
24086
24058
24060
24092
24094
24096
24098
24100
24102
24104
24106
24108
24122
24124
24126
24110
24112
24114
24028
24030
24032
24130
24132
24134
24136
24138
24140
24144
24146
24148
24150
24152
24164
24166
24168
24170
24154
24156
24158
24160
24162
24260
24262
24264
24266
24268
24296
24298
24300
24302
24304
12218
24308
24310
24312
24314
24316
24318
39752
8451
8456
8458
8459
2156
23940
23942
23944
23946
23934
23936
23938
23916
23918
23920
23926
23928
23930
23932
24196
24198
24200
24202
24204
24206
24208
24212
24214
24238
24240
24242
24244
24246
24248
24254
24256
24174
24176
24178
24180
24182
24184
24186
24188
24190
30964
24218
24222
24224
24226
24228
24234
32874
23884
23886
23888
23890
23892
23894
23896
23898
23900
23902
23904
23906
23908
23910
23914
24320
24322
24324
24326
44462
44464
24330
24332
24334
24336
8447
8448
8450
24272
24274
24276
24278
24280
24282
24284
24286
24288
24290
24292
3242
10416
10418
10571
10449
10420
10421
10422
2558
10430
10431
10432
10433
10434
10435
2562
2563
2561
10428
10429
2565
2580
6567
8461
10437
10438
10439
10440
10441
10442
2568
2569
10450
10451
10452
2571
2572
2573
10453
10454
10455
10456
10457
10458
10459
10460
2575
10461
10462
10463
10464
2582
10466
10467
2576
10484
10485
10486
8465
8466
8467
10487
10488
10489
10490
10468
10469
10470
10471
10472
10473
10474
10475
10476
10477
10478
10479
10480
10481
10482
2589
2590
2592
10495
10496
10497
10498
10499
10504
10505
10500
10501
10502
10503
6579
5252
5253
5254
10549
10550
10551
10552
10553
5260
6122
6488
8476
8477
8478
8479
8480
8481
10548
5255
5256
5257
5258
5259
5943
8520
6124
5261
5262
5274
5275
5284
8484
8485
8486
8487
8488
8489
8490
10601
8495
8496
4608
4609
4610
5276
5277
5278
5279
5280
5281
5285
5616
5649
8491
8492
8493
4406
4409
4441
8295
10231
4402
4403
4404
4405
8239
4407
10237
4395
4398
10238
4401
10414
10415
10417
2552
2553
2554
2555
10556
10560
10561
10562
10563
10564
2654
10557
10558
8497
8498
10554
10555
2652
10565
10566
10567
10568
10569
2644
10445
10523
10536
10537
10538
10539
10509
10510
10511
10512
1948
3170
3787
3788
3789
3790
3792
3793
4453
10513
10514
10515
10516
10524
10525
10540
10541
10542
10543
4505
10517
10518
10519
10520
10521
10522
10526
10527
10528
10529
10530
10531
10532
10533
10534
10535
3211
3212
54724
8471
8472
10544
10545
10546
10547
4604
10506
10507
10508
6568
10419
10423
10424
10448
2601
2602
2603
2606
2609
6570
6571
6572
49720
49716
49718
49704
49706
49708
49710
49712
49714
8342
8343
5338
5339
8382
8384
11374
11839
11843
5394
5410
15118
49690
49692
49694
5400
49662
49664
49666
49668
49670
49672
49674
49676
5402
49678
49680
49682
49684
49686
49688
49650
5337
958
49652
49654
2328
26652
28858
28872
28868
28870
7074
11516
11518
28860
28862
28866
8064
8067
28874
28876
28878
7078
7079
26638
26640
26642
28880
7083
7084
26658
8070
8073
3862
3863
3864
3865
3866
3868
3869
11524
12900
4236
4239
6280
7603
8950
28884
28886
28888
28890
28892
53576
53578
53580
11304
10223
4420
8292
8294
53556
8279
8280
8281
11251
11252
11346
11660
5479
8240
4423
53560
5478
8274
4425
53612
53614
53616
53618
53606
53608
53610
10222
53526
53528
8275
8276
8277
8278
11257
11336
11337
11338
11339
11340
11341
11342
8293
8284
8285
8286
53552
53554
53546
53548
53550
4427
53564
53566
53568
53570
53572
48030
53590
53592
53594
53596
53598
53600
53602
48034
48036
53604
11344
53584
53586
53588
6548
53532
53534
53536
53538
5456
5461
11253
53542
53544
5460
5472
5552
5553
5554
8402
8407
5463
5473
5555
5556
5557
8334
8399
8327
44792
54042
27610
6521
6522
8351
6524
6525
49656
49658
49660
8390
6523
7566
8388
8391
18330
18332
18334
18342
18344
18346
25706
4624
6212
6213
6214
6215
6225
6226
6246
6541
8264
8265
1084
1468
18372
2248
2249
2250
7971
9997
16660
16662
16664
6991
3271
3272
3320
6138
1753
1754
6040
852
853
854
855
856
6905
10079
1367
1521
26902
26904
444
446
4933
5244
5245
639
664
665
6750
7358
840
842
843
844
845
8973
369
372
385
4144
483
5246
593
847
848
849
6992
858
859
861
4902
6989
863
865
6994
850
716
871
872
7671
867
877
886
9120
9733
6993
883
9721
9722
9723
879
9724
9725
4142
9727
9728
882
885
1524
1526
1527
1856
1881
898
899
900
901
902
903
904
14858
14860
159
161
163
218
10
11028
11031
11032
11034
11035
242
24732
15658
15660
181
18368
201
202
203
204
178
209
210
211
9910
9911
14652
14864
14866
14924
273
274
275
276
13
15410
20
43
47
50
44
69
692
70
76
78
59
9882
8775
8776
8777
8778
8782
9871
14872
14896
14898
14918
15104
15802
8780
8781
11026
11027
15714
15716
162
193
29
10998
10999
247
248
249
334
9899
9900
9902
101
112
126
18358
18360
18362
18364
18366
5770
625
626
9423
97
11021
11022
11023
11024
11025
158
24
6445
11014
11017
15480
6
14808
14812
17752
280
9295
14818
14820
15416
16150
9898
14822
14824
14826
14828
14830
15456
15708
15710
16224
16226
16228
16232
16926
14810
14928
14930
14932
14934
15412
15414
22726
24728
14832
14838
14840
15458
15460
13858
14842
14844
14846
14848
14856
15676
9897
10995
10996
10997
110
11016
139
140
141
142
145
14920
14922
73
8
9422
9864
16458
18400
18402
18404
18406
11118
11119
11120
15464
1868
1869
1870
1871
1872
1873
1874
1875
1876
1879
9216
18378
18380
1860
1916
1917
3985
2469
2470
3978
3979
3980
3981
3982
3983
3984
24870
3486
3897
3898
3899
3900
3901
7992
9601
1899
24872
24874
24876
15466
18382
6264
6265
6266
6267
4735
6105
9176
11926
2369
2375
1880
2376
2451
2542
2456
24734
24868
3986
6401
9283
9602
9603
18388
18386
18394
1908
1909
5029
1922
1923
1925
15448
2539
4261
8934
3893
4313
4314
4315
5674
6210
27544
27546
7449
8511
8512
8513
49722
49724
49726
49728
15236
15250
15318
15320
15936
5384
5385
8516
17224
17226
23116
23118
45528
45530
45532
45534
45536
45538
52200
11908
11910
11912
24358
45588
45596
45598
45600
45602
45604
46206
6062
45478
45480
45484
45486
45488
45490
45492
45494
50390
52174
45510
6063
45524
45526
52194
52196
6066
6067
52242
52244
45546
45558
24344
24346
24348
24350
24352
24356
45572
45574
45576
23114
45468
45470
45472
45474
6064
6068
6069
11890
6071
6072
6073
24370
24372
24374
24376
11894
11896
11898
11900
11902
8435
37602
37606
37608
37612
37630
37632
11878
11882
11884
37592
37594
13100
37596
37598
49510
49512
49514
49538
49540
4556
4557
49504
49506
5409
49494
49496
49498
49500
922
2269
4555
22900
27554
49518
49520
49522
49526
49528
49530
49534
49536
10378
1685
5333
8336
49446
49448
49450
49452
49444
10381
27552
27566
49456
49458
49460
49464
49508
49434
49436
49438
27574
49428
49430
10388
10389
933
934
935
10385
49362
49364
1701
1716
49346
49348
49350
938
939
49366
49368
49370
49412
49418
49420
49422
49424
49426
8345
8344
8347
49374
49376
49378
49380
49382
49384
49288
49290
5405
5406
5407
5408
27576
27578
49442
27588
27594
27596
27598
49352
49354
49356
49358
49360
27580
53238
27584
5344
5345
5346
49596
49598
49608
49610
49600
49602
49604
49606
49616
49618
