50391530
50386121
50395160
195677259
50394695
147364532
195677419
195677035
191770985
191770976
58340009
147369071
147368159
2145217
206907631
4475831
25754482
207035055
26686172
63831727
247798421
3234697
102955392
102948439
186232386
123575136
123564955
123575048
249684241
239279213
123575060
186232383
239311677
239297183
239176627
186232167
55843457
72716384
56217995
128250972
56037753
56030872
221701776
67131701
167650760
186232128
239301101
239275648
56246498
171545186
192665872
222680667
56031281
75319261
171544800
167646972
56036698
128251042
67106517
179062873
72716342
75559141
128250890
67107867
179062869
75349961
151978220
239179246
75343770
187616370
67114195
179062901
186228410
67111292
56020946
186228416
221701804
128251082
186228406
239314795
239246562
239242222
56030959
201795400
75343414
151983468
201795457
128250994
222680740
247766258
67097708
151983471
187616415
56033364
187616320
179062899
56034719
151983466
187616398
186228386
186228420
186232165
201795438
201795484
201795380
72716294
67104392
221701866
239266060
201795428
222679693
56031418
222680639
75343236
221701801
249168619
222680724
67111997
221701781
201795423
56030639
249168624
249168631
67110779
67113515
151983378
249168614
56031454
187616418
151983375
55998290
75341532
75343115
179062895
167206179
239304180
158562546
197751011
158562557
158562539
157843743
222679681
179952322
157843763
68481387
158562514
179952310
157843780
68481495
68481641
158012383
179952300
158562357
179952283
222679668
210965795
8036267
210965818
170074115
158012418
188696676
188696680
72033989
158012198
222679689
72033793
72033993
193668833
193668827
210965824
72033970
210965806
170074134
210965826
170074139
172918487
244300408
193668791
72033986
170074121
193668829
157843721
172918480
172918478
244300450
244300401
244300365
210965821
172918445
179952261
170074132
158012159
244300406
188696589
158012242
179952337
56861068
76359124
76359078
76359037
176897640
76359161
39988471
222684905
48268946
205582354
207903830
211922358
191043868
191023670
191021947
186880784
98823308
222683166
164829017
96362268
222684836
210952910
98823786
19922879
98822300
187608673
96414950
48313693
176897646
98822943
33601220
96359553
176897642
222684912
207946216
168239723
205582337
168248637
207946154
210967787
165030965
205582358
187608675
168252912
168226963
98823518
98822047
56759597
168232390
222684294
96415045
168234690
165032195
162513776
187608677
158226929
222682114
162512684
229978174
98810339
171544593
162512680
168232201
176897636
230001813
186880763
96444297
186880755
229998304
191021952
165030978
191021957
162513819
96415002
191043860
158226902
98810239
98823543
222684893
211927037
210967772
211920041
222684273
58214076
230001613
229978403
164420114
229978302
210967764
162512656
210952870
207903826
244303480
244301028
207947842
186880774
96444337
96418729
98823444
244303141
165030982
211927114
229997775
244303414
244301021
230001417
253098030
96362219
253401697
253401652
207946142
96444347
222683276
162513774
207947831
191027064
165030963
244301125
244301016
162512675
164420004
187608679
98810179
222683978
210967745
158226919
207903797
162512682
96444451
211913354
207947846
205582381
222682102
162512634
222682043
253097997
253401732
230001674
207947881
96444447
210952920
176897623
222684011
222684288
211927108
222682059
165032213
230002102
168229165
211915748
244303441
249663195
98823574
98823585
253401626
211926919
229997991
164829046
165032183
244301050
222683292
164420455
229998125
244302196
222683309
229978355
96418713
210952890
249663200
162513810
244302200
222684899
222683242
165032193
211926976
165031013
164419956
164829022
158226888
207903823
207946147
191043872
96418742
96418735
165032187
191043858
244303486
211918175
191043765
176897618
222682151
207903828
164420237
210952916
253098020
253098045
248187304
253401694
165031011
96414922
249663210
210967742
164420706
96362200
229998211
207946211
98810335
229977937
162513855
164829033
207947840
98810268
164829040
244303471
244302974
165032189
162513905
244302568
164829028
253401672
56028250
206205812
167219630
152023358
151823369
91022893
207184684
113672978
77330473
56687351
151817804
182708483
206771228
90332323
57535652
186317680
66682938
187182615
252135736
108989576
202631329
206781623
149429816
207024117
135330313
134356340
134269132
205952034
152043179
56658696
68559865
135339487
135326025
108970775
51267665
206132647
198520166
135335627
206831843
206204746
192009973
206845612
252683739
252684266
56659087
179166482
206217822
206659035
192010435
198518422
180963035
55625046
198519308
56658428
55332441
207041980
108988253
206952458
252632585
214579127
206198313
206229052
56659152
247447593
55624048
252103520
56658274
205958146
56658320
252695200
214579567
198518996
195622970
56658492
206205848
56658596
198518820
252684663
192010058
206651556
56659077
206795225
108946267
206218138
67421841
204076830
75671781
200921517
75701118
67250387
71509743
84321458
73803283
168960481
57302154
169438847
145371616
44912812
170895662
199022390
112193965
146477515
105707950
76104404
199223501
196462470
182975417
176388465
53827433
38542652
121242943
205083110
105701241
68572713
176141165
97575222
198619259
169943398
74987753
147346806
58697160
56598874
197333425
58616058
193928945
45320232
149412349
203783738
72478138
9809424
182708740
174849433
171760349
112194548
199099924
182976069
210151447
45468990
134946109
205664190
204416033
94688175
200560895
26531199
99435225
71666780
135043785
171645251
105721473
29957399
170631897
204416100
214789602
56089416
197625350
171724211
57001135
83348835
56093825
199727137
58535709
99437637
68945254
105708826
46911895
159016263
176429165
51235058
197102802
68543272
53448048
196336311
198638014
149404721
182558920
174849244
6925023
44842325
68137388
204206131
106332813
83481431
214784524
99444842
196342212
197847296
197623506
59199216
205924565
182974828
99443885
205256955
197628689
75701304
205257204
76223979
196467663
56093975
196047724
63485918
56090684
106322025
178549494
56091943
155428808
205245391
113165522
47389206
248676307
242626101
56092906
57715368
111652913
50124157
68544575
199629248
205254818
